avar:  -0.5000781124239998
rmss:  0.8485246637854937
rmsn:  0.9937666614041947
wanted_rmsn:  0.47716048388982996
k:  0.48015344287722533
Амплитудный коэффициент для шумовых отсчетов 0.480153
