avar:  -0.5000781124239998
rmss:  0.8485246637854937
rmsn:  0.9937666614041947
wanted_rmsn:  0.5623413251903491
k:  0.5658685756229329
Амплитудный коэффициент для шумовых отсчетов 0.565869
